64
64
4
64
18
0
 
13
3
4
4
1
2
1
1
1
1
1
1
1

1
1
1
1

1

50
50
50
50
50
50
50
50

50
50
50
75
75
75
50
50

100
100
100
100
100
100
100
100

100
100
100
100
100
100
100
100

100
100
100
100
100
100
100
100

100
100
100
100
100
100
100
100

100
100
100
100
100
100
100
100

100
100
100
100
100
100
100
100

0
1
2
3
4
5
6
7
8
9
10
11
12

13
14
15

16
17
18
17

19
20
21
22

23

24
25

26

27

28

29

30

31

32

33

34

35

36

37





// Width
// Height
// Column
// Frames
// No_of_anims
// Rythm

// No of frames in anim

// Delay times

// Frame sequence
