128
128
16
256
78
0

4 
6
1
1
1
2
6
2
2
4
3
4
3
3
3
3
1
1
2
1
1
1
1
3
3
3
3
5
5
4
1
1
3
4
3
1
2
4
1
5
4
8
4
2
2
2
2
1
1
1
4
4
1
1
1
1
2
2
2
1
1
2
3
3
4
1
3
3
4

3
3

1
1

2
2

4
5
1



250
300
350
300
100
100
100
100
100
100
125
125 
125
125
125
125

125
125
125
125
125
50
25
15
100
250
180
100
100
15
250
250

15
100
15
15
125
15
20
115 
20
25
150
25
500
500
150
150

250
250
125
125
15
100
15
15
100
15
25
125
25
25
125
25

75
250
100
100
75
75
250
100
100
75
75 
350
350
75
100
100 

25
115
25
350
50
350
50
180
100
100
125
125
125
2
2
2

50
50
100
50
250
250
50
100
250
50
50
50
20
20
45
45

100
50
100
50
250
300
15
200
100
100
150
75
250
250
75
250

300
350
300
100
100
100
100
115
115
115
115
250
250
200
200
150

150
180
100
100
180
100
100
115
75
75
75
125
25
200
50
2

2
2
50
100
150
50
35
125
35
150
250
25
10
75
10
100

200
150
100
150
200
100
100
100
100
100
100
125
125
125
125
125

125
125
125
125
125
125
125
125
125
125
125
125
125
125
125
125

125
125
125
125
125
125
125
125
125
125
125
125
125
125
125
125

125
125
125
125
125
125
125
125
125
125
125
125
125
125
125
125

125
125
125
125
125
125
125
125
125
125
125
125
125
125
125
125

0
1
2
3

4
5
6
7
8
9

10

11

12

13
14

15
16
17
18
19
20

21
21

22
22

23
24
25
176

26
27
28

29
30
31
176

32
33
34

35
36
37
 
38
39
40

41
42
43

44

45

46
47

48

49

50

51

52
53
54

55
56
57

58
59
60

61
62
63

64
65
66
67
68

69
70
71
72
73

74
75
76
77

78
79

80
81
82

83
84
85
86

87
88
89

90

91
92

93
94
95
94

96
 
97
98
99
78
79

100
101
100
101

102
103
104
103
104
105
106
107

108
109
110
111

112
113

114
115

116
117

118
119

120

121

122

123
124
125
126

127
128
129
130

131

132

133

134

135
136

137
138

139
140

141

142

143
144

145
146
147

148
149
150

151
152
153
154

155

156
157
158

159
160
161

162
163
164
165

166
167
166

168
169
168

170

171

172
173

174
175

177
178
179
180

181
182
183
184
185

186


// Width
// Height
// Column
// Frames
// No_of_anims
// Rythm

// No of frames in anim

// Delay times

// Frame sequence
