4
4
1
0
0
40
0
19
0
-0.791500
-0.392501
1.600000
0.800000
-0.791500
-0.392501
1.600000
0.800000
0.002000
0.000000
0.998000
0.000000
0.998000
1.000000
0.002000
1.000000
10
2
0
0
1.000000
-1
5
6
0
0
-1
-1
0
0
0
0
1.000000
0
-0.371498
-0.045000
0.800000
0.400000
-0.371498
-0.045000
0.800000
0.400000
0.000000
0.000000
1.000000
0.000000
1.000000
1.000000
0.000000
1.000000
4
0
2
0
1.000000
-1
4
0
0
0
-1
-1
0
0
0
0
1.000000
0
-0.371000
-0.366501
0.800000
0.400000
-0.371000
-0.366501
0.800000
0.400000
0.000000
0.000000
1.000000
0.000000
1.000000
1.000000
0.000000
1.000000
4
0
2
1
1.000000
-1
4
0
0
0
-1
-1
0
0
0
0
1.000000
0
-0.791499
-0.489000
1.600000
0.100000
-0.791499
-0.489000
1.600000
0.100000
0.000000
0.000000
1.000000
0.000000
1.000000
1.000000
0.000000
1.000000
5
0
0
0
1.000000
-1
6
0
0
0
-1
-1
0
0
0
0
1.000000
0
