4
6
1
0
20
0
0
19
0
-0.791500
-0.392501
1.600000
0.800000
-0.791500
-0.392501
1.600000
0.800000
0.002000
0.000000
0.998000
0.000000
0.998000
1.000000
0.002000
1.000000
10
2
0
0
1.000000
-1
5
6
0
0
-1
-1
0
0
0
0
1.000000
0
-0.481998
-0.394000
0.400000
0.800000
-0.481998
-0.394000
0.400000
0.800000
0.000000
0.000000
1.000000
0.000000
1.000000
1.000000
0.000000
1.000000
4
0
0
0
1.000000
-1
5
0
0
0
-1
-1
0
0
0
0
1.000000
0
-0.239499
-0.394000
0.400000
0.800000
-0.239499
-0.394000
0.400000
0.800000
0.000000
0.000000
1.000000
0.000000
1.000000
1.000000
0.000000
1.000000
4
0
0
1
1.000000
-1
4
0
0
0
-1
-1
0
0
0
0
1.000000
0
0.011000
-0.395000
0.400000
0.800000
0.011000
-0.395000
0.400000
0.800000
0.000000
0.000000
1.000000
0.000000
1.000000
1.000000
0.000000
1.000000
4
0
0
2
1.000000
-1
4
0
0
0
-1
-1
0
0
0
0
1.000000
0
0.241000
-0.393999
0.400000
0.800000
0.241000
-0.393999
0.400000
0.800000
0.000000
0.000000
1.000000
0.000000
1.000000
1.000000
0.000000
1.000000
4
0
0
3
1.000000
-1
5
0
0
0
-1
-1
0
0
0
0
1.000000
0
-0.789994
-0.489999
1.600000
0.100000
-0.789994
-0.489999
1.600000
0.100000
0.000000
0.000000
1.000000
0.000000
1.000000
1.000000
0.000000
1.000000
5
0
0
0
1.000000
-1
6
0
0
0
-1
-1
0
0
0
0
1.000000
0
