4
4
1
0
0
5
0
19
0
-0.791500
-0.392501
1.600000
0.800000
-0.791500
-0.392501
1.600000
0.800000
0.002000
0.000000
0.998000
0.000000
0.998000
1.000000
0.002000
1.000000
10
2
0
0
1.000000
-1
5
6
0
0
-1
-1
0
0
0
0
1.000000
0
-0.353499
-1.199007
0.800000
1.600000
-0.353499
-1.199007
0.800000
1.600000
0.000000
0.000000
1.000000
0.000000
1.000000
1.000000
0.000000
1.000000
4
0
0
0
1.000000
-1
6
0
0
0
-1
-1
0
0
0
0
1.000000
0
-0.333499
-0.387500
0.800000
0.400000
-0.333499
-0.387500
0.800000
0.400000
0.000000
0.000000
1.000000
0.000000
1.000000
1.000000
0.000000
1.000000
5
0
2
0
1.000000
-1
6
0
0
0
-1
-1
0
0
0
0
1.000000
0
-0.792003
-0.490001
1.600000
0.100000
-0.792003
-0.490001
1.600000
0.100000
0.000000
0.000000
1.000000
0.000000
1.000000
1.000000
0.000000
1.000000
6
0
0
0
1.000000
-1
6
0
0
0
-1
-1
0
0
0
0
1.000000
0
