4
5
1
0
0
5
0
19
0
-0.799000
-0.392501
1.600000
0.800000
-0.799000
-0.392501
1.600000
0.800000
0.002000
0.000000
0.998000
0.000000
0.998000
1.000000
0.002000
1.000000
10
2
0
0
1.000000
-1
5
6
0
0
-1
-1
0
0
0
0
1.000000
0
-0.798998
-0.393499
1.600000
0.800000
-0.798998
-0.393499
1.600000
0.800000
0.000000
0.000000
1.000000
0.000000
1.000000
1.000000
0.000000
1.000000
4
0
0
0
1.000000
-1
4
0
0
0
-1
-1
0
0
0
0
1.000000
0
-1.458498
-0.403500
3.200000
0.800000
-1.458498
-0.403500
3.200000
0.800000
0.000000
0.000000
1.000000
0.000000
1.000000
1.000000
0.000000
1.000000
5
0
2
0
1.000000
-1
6
0
0
0
-1
-1
0
0
0
0
1.000000
0
-0.522502
-0.361000
0.800000
0.400000
-0.522502
-0.361000
0.800000
0.400000
0.000000
0.000000
1.000000
0.000000
1.000000
1.000000
0.000000
1.000000
6
0
2
0
1.000000
-1
6
0
0
0
-1
-1
0
0
0
0
1.000000
0
-0.792500
-0.491499
1.600000
0.100000
-0.792500
-0.491499
1.600000
0.100000
0.000000
0.000000
1.000000
0.000000
1.000000
1.000000
0.000000
1.000000
7
0
0
0
1.000000
-1
6
0
0
0
-1
-1
0
0
0
0
1.000000
0
