4
5
1
0
50
50
0
5
0
-0.791500
-0.392501
1.600000
0.800000
-0.791500
-0.392501
1.600000
0.800000
0.002000
0.000000
0.998000
0.000000
0.998000
1.000000
0.002000
1.000000
10
2
0
0
1.000000
-1
5
6
0
0
-1
-1
0
0
0
0
1.000000
0
-0.648001
-0.151500
0.800000
0.400000
-0.648001
-0.151500
0.800000
0.400000
0.000000
0.000000
1.000000
0.000000
1.000000
1.000000
0.000000
1.000000
9
0
2
0
1.000000
-1
1
0
0
0
-1
-1
0
0
0
0
1.000000
0
-0.790995
-0.393499
1.600000
0.800000
-0.790995
-0.393499
1.600000
0.800000
0.000000
0.000000
1.000000
0.000000
1.000000
1.000000
0.000000
1.000000
11
0
0
0
1.000000
-1
4
0
0
0
-1
-1
0
0
0
0
1.000000
0
-0.447999
-0.151001
0.400000
0.400000
-0.447999
-0.151001
0.400000
0.400000
0.000000
0.000000
1.000000
0.000000
1.000000
1.000000
0.000000
1.000000
7
0
0
0
1.000000
-1
3
0
0
0
-1
-1
0
0
0
0
1.000000
0
-0.448000
-0.151001
0.400000
0.400000
-0.448000
-0.151001
0.400000
0.400000
0.000000
0.000000
1.000000
0.000000
1.000000
1.000000
0.000000
1.000000
8
0
0
0
1.000000
-1
4
0
0
0
-1
-1
0
0
0
0
1.000000
0
