4
3
1
0
20
20
0
0
0
0.991994
1.519999
0.115000
0.142501
0.991994
1.519999
0.115000
0.142501
0.000000
0.000000
1.000000
0.000000
1.000000
1.000000
0.000000
1.000000
21
0
0
0
0.200000
-1
1
28
0
0
-1
-1
0
0
0
0
1.000000
0
-0.808504
-0.403503
1.600000
0.800000
-0.808504
-0.403503
1.600000
0.800000
0.000000
0.000000
1.000000
0.000000
1.000000
1.000000
0.000000
1.000000
5
1
2
0
1.000000
-1
6
0
0
0
-1
-1
0
0
0
0
1.000000
0
-0.376002
-0.022505
0.800000
0.400000
-0.376002
-0.022505
0.800000
0.400000
0.000000
0.000000
1.000000
0.000000
1.000000
1.000000
0.000000
1.000000
9
1
0
0
1.000000
-1
6
0
0
0
-1
-1
0
0
0
0
1.000000
0
