4
9
1
0
20
20
0
0
4
-0.185122
-0.153791
0.400000
0.400000
-0.185122
-0.153791
0.400000
0.400000
0.000000
0.000000
1.000000
0.000000
1.000000
1.000000
0.000000
1.000000
18
0
2
0
1.000000
-1
3
0
0
0
-1
-1
0
0
0
0
1.000000
0
-0.166200
-0.512505
0.400000
0.800000
-0.166200
-0.512505
0.400000
0.800000
0.000000
0.000000
1.000000
0.000000
1.000000
1.000000
0.000000
1.000000
4
0
0
0
1.000000
-1
0
0
0
0
-1
-1
0
0
0
0
1.000000
0
-1.057505
0.569500
0.800000
0.800000
-1.057505
0.569500
0.800000
0.800000
0.000000
0.000000
1.000000
0.000000
1.000000
1.000000
0.000000
1.000000
17
0
0
0
1.000000
-1
1
0
0
0
-1
-1
0
0
0
0
1.000000
0
0.136400
0.153699
0.100000
0.100000
0.136400
0.153699
0.100000
0.100000
0.000000
0.000000
1.000000
0.000000
1.000000
1.000000
0.000000
1.000000
16
0
2
1
1.000000
-1
0
0
0
0
-1
-1
0
0
0
0
1.000000
0
-0.217151
-0.098250
0.100000
0.100000
-0.217151
-0.098250
0.100000
0.100000
0.000000
0.000000
1.000000
0.000000
1.000000
1.000000
0.000000
1.000000
16
0
2
1
1.000000
-1
0
0
0
0
-1
-1
0
0
0
0
1.000000
0
0.126960
-0.133454
0.100000
0.100000
0.126960
-0.133454
0.100000
0.100000
0.000000
0.000000
1.000000
0.000000
1.000000
1.000000
0.000000
1.000000
16
0
2
1
1.000000
-1
0
0
0
0
-1
-1
0
0
0
0
1.000000
0
0.590251
-0.125600
0.100000
0.100000
0.590251
-0.125600
0.100000
0.100000
0.000000
0.000000
1.000000
0.000000
1.000000
1.000000
0.000000
1.000000
16
0
0
0
1.000000
-1
0
0
0
0
-1
-1
0
0
0
0
1.000000
0
-0.755996
-0.400491
1.600000
0.800000
-0.755996
-0.400491
3.200000
0.800000
0.000000
0.000000
1.000000
0.000000
1.000000
1.000000
0.000000
1.000000
5
0
2
0
1.000000
-1
5
0
0
0
-1
-1
0
0
0
0
1.000000
0
-0.356827
-0.326343
0.800000
0.200000
-0.356827
-0.326343
0.800000
0.200000
0.000000
0.000000
1.000000
0.000000
1.000000
1.000000
0.000000
1.000000
6
0
2
0
1.000000
-1
2
0
0
0
-1
-1
0
0
0
0
1.000000
0
