4
5
1
0
50
50
0
0
0
-0.791500
-0.392501
1.600000
0.800000
-0.791500
-0.392501
1.600000
0.800000
0.002000
0.000000
0.998000
0.000000
0.998000
1.000000
0.002000
1.000000
10
2
0
0
1.000000
-1
5
6
0
0
-1
-1
0
0
0
0
1.000000
0
-0.341998
0.087500
0.800000
0.100000
-0.341998
0.087500
0.800000
0.100000
0.000000
0.000000
1.000000
0.000000
1.000000
1.000000
0.000000
1.000000
4
0
0
0
1.000000
-1
3
0
0
0
-1
-1
0
0
0
0
1.000000
0
-0.342499
-0.030500
0.800000
0.100000
-0.342499
-0.030500
0.800000
0.100000
0.000000
0.000000
1.000000
0.000000
1.000000
1.000000
0.000000
1.000000
4
0
0
0
1.000000
-1
3
0
0
0
-1
-1
0
0
0
0
1.000000
0
-0.220501
0.130500
0.552488
0.029000
-0.220501
0.130500
0.552488
0.029000
0.000000
0.000000
1.000000
0.000000
1.000000
1.000000
0.000000
1.000000
5
0
0
0
1.000000
-1
4
0
0
0
-1
-1
0
0
0
0
1.000000
0
-0.220745
0.012000
0.552488
0.029000
-0.220745
0.012000
0.552488
0.029000
0.000000
0.000000
1.000000
0.000000
1.000000
1.000000
0.000000
1.000000
5
0
0
0
1.000000
-1
4
0
0
0
-1
-1
0
0
0
0
1.000000
0
