4
21
1
0
0
0
0
0
0
0.880984
0.870496
0.100000
0.400000
0.880984
0.870496
0.100000
0.400000
0.002500
0.010500
0.997500
0.010500
0.997500
0.996513
0.002500
0.996513
3
0
0
0
1.000000
-1
1
0
0
0
-1
-1
0
0
0
0
1.000000
0
1.001499
1.011999
0.100000
0.100000
1.041999
1.095999
0.048999
0.045499
0.000000
0.000000
1.000000
0.000000
1.000000
1.000000
0.000000
1.000000
1
0
2
0
1.000000
-1
0
0
0
0
-1
-1
0
0
0
0
1.000000
0
-0.806500
0.260998
1.600000
0.100000
-0.806500
0.260998
1.600000
0.100000
0.002500
0.010500
0.997500
0.010500
0.997500
0.996513
0.002500
0.996513
3
0
0
0
1.000000
-1
1
0
0
0
-1
-1
0
0
0
0
1.000000
0
-0.756496
0.207500
0.200000
0.200000
-0.756496
0.207500
0.200000
0.200000
0.002500
0.010500
0.997500
0.010500
0.997500
0.996513
0.002500
0.996513
4
0
0
0
1.000000
-1
1
0
0
0
-1
-1
0
0
0
0
1.000000
0
0.544001
0.208500
0.200000
0.200000
0.544001
0.208500
0.200000
0.200000
0.002500
0.010500
0.997500
0.010500
0.997500
0.996513
0.002500
0.996513
4
0
0
1
1.000000
-1
1
42
0
0
-1
-1
0
0
0
0
1.000000
0
0.685496
1.126499
0.100000
0.100000
0.685496
1.126499
0.100000
0.100000
0.002500
0.010500
0.997500
0.010500
0.997500
0.996513
0.002500
0.996513
5
0
0
0
1.000000
-1
3
0
0
0
-1
-1
0
0
0
0
1.000000
0
0.036249
0.313249
0.550503
0.029500
0.036249
0.313249
0.550503
0.029500
0.002500
0.010500
0.997500
0.010500
0.997500
0.996513
0.002500
0.996513
5
0
0
0
1.000000
-1
3
0
0
0
-1
-1
0
0
0
0
1.000000
0
-0.596756
0.313749
0.550503
0.029500
-0.596756
0.313749
0.550503
0.029500
0.002500
0.010500
0.997500
0.010500
0.997500
0.996513
0.002500
0.996513
5
0
0
0
1.000000
-1
3
0
0
0
-1
-1
0
0
0
0
1.000000
0
-0.709499
0.184000
0.200000
0.100000
-0.709499
0.184000
0.200000
0.100000
0.002500
0.010500
0.997500
0.010500
0.997500
0.996513
0.002500
0.996513
6
0
0
0
1.000000
-1
1
0
0
0
-1
-1
0
0
0
0
1.000000
0
0.507500
0.184501
0.200000
0.100000
0.507500
0.184501
0.200000
0.100000
0.002500
0.010500
0.997500
0.010500
0.997500
0.996513
0.002500
0.996513
6
0
0
5
1.000000
-1
1
0
0
0
-1
-1
0
0
0
0
1.000000
0
-0.407500
-0.040002
0.800000
0.400000
-0.407500
-0.040002
0.800000
0.400000
0.000000
0.000000
1.000000
0.000000
1.000000
1.000000
0.000000
1.000000
32
0
0
0
1.000000
-1
1
0
0
0
-1
-1
0
0
0
0
1.000000
0
-0.386500
0.075499
0.800000
0.050000
-0.386500
0.075499
0.800000
0.050000
0.000000
0.000000
1.000000
0.000000
1.000000
1.000000
0.000000
1.000000
31
0
0
0
1.000000
-1
1
0
0
0
-1
-1
0
0
0
0
1.000000
0
-0.799506
0.542000
1.600000
0.050000
-0.799506
0.542000
1.600000
0.050000
0.000000
0.000000
1.000000
0.000000
1.000000
1.000000
0.000000
1.000000
30
50
2
2
1.000000
-1
3
6
0
0
-1
-1
0
0
10
0
1.000000
0
-0.400501
-0.461499
0.800000
0.800000
-0.400501
-0.461499
0.800000
0.800000
0.000000
0.000000
1.000000
0.000000
1.000000
1.000000
0.000000
1.000000
30
-50
2
2
1.000000
-1
0
0
0
0
-1
-1
0
0
-10
0
1.000000
0
-0.389000
-0.043501
0.800000
0.400000
-0.389000
-0.043501
0.800000
0.400000
0.000000
0.000000
1.000000
0.000000
1.000000
1.000000
0.000000
1.000000
29
0
0
0
1.000000
-1
1
0
0
0
-1
-1
0
0
0
0
1.000000
0
-0.962498
0.039000
0.200000
0.200000
-0.962498
0.039000
0.200000
0.200000
0.000000
0.000000
1.000000
0.000000
1.000000
1.000000
0.000000
1.000000
27
0
0
0
1.000000
-1
0
0
0
0
-1
-1
0
0
0
0
1.000000
0
0.723995
0.039500
0.200000
0.200000
0.723995
0.039500
0.200000
0.200000
0.000000
0.000000
1.000000
0.000000
1.000000
1.000000
0.000000
1.000000
27
0
0
0
1.000000
-1
0
0
0
0
-1
-1
0
0
0
0
1.000000
0
-0.751999
0.165000
0.200000
0.100000
-0.751999
0.165000
0.200000
0.100000
0.002500
0.010500
0.997500
0.010500
0.997500
0.996513
0.002500
0.996513
6
0
0
14
1.000000
-1
1
0
0
0
-1
-1
0
0
0
0
1.000000
0
0.547499
0.164500
0.200000
0.100000
0.547499
0.164500
0.200000
0.100000
0.002500
0.010500
0.997500
0.010500
0.997500
0.996513
0.002500
0.996513
6
0
0
14
1.000000
-1
1
0
0
0
-1
-1
0
0
0
0
1.000000
0
-0.805500
0.262499
1.600000
0.100000
-0.805500
0.262499
1.600000
0.100000
0.002500
0.010500
0.997500
0.010500
0.997500
0.996513
0.002500
0.996513
3
0
0
2
1.000000
-1
5
0
0
0
-1
-1
0
0
0
0
1.000000
0
-2.487501
-0.402001
3.200000
0.800000
-0.705998
-0.404001
3.200000
0.800000
0.000000
0.000000
1.000000
0.000000
1.000000
1.000000
0.000000
1.000000
35
0
0
0
1.000000
-1
0
0
0
0
-1
-1
0
0
0
0
1.000000
0
