4
4
1
0
20
20
0
0
4
-0.760910
-0.438995
1.600000
0.200000
-0.760910
-0.438995
1.600000
0.200000
0.000000
0.000000
1.000000
0.000000
1.000000
1.000000
0.000000
1.000000
2
0
0
0
1.000000
-1
0
0
0
0
-1
-1
0
0
0
0
1.000000
0
-0.213203
-0.031597
0.800000
0.200000
-0.213203
-0.031597
0.800000
0.200000
0.000000
0.000000
1.000000
0.000000
1.000000
1.000000
0.000000
1.000000
3
0
0
0
1.000000
-1
0
0
0
0
-1
-1
0
0
0
0
1.000000
0
-0.187001
-0.024600
0.400000
0.100000
-0.187001
-0.024600
0.400000
0.100000
0.000000
0.000000
1.000000
0.000000
1.000000
1.000000
0.000000
1.000000
4
0
0
0
1.000000
-1
0
0
0
0
-1
-1
0
0
0
0
1.000000
0
-0.740985
-0.400485
1.600000
0.800000
-0.740985
-0.400485
1.600000
0.800000
0.000000
0.000000
1.000000
0.000000
1.000000
1.000000
0.000000
1.000000
5
0
0
0
1.000000
-1
5
0
0
0
-1
-1
0
0
0
0
1.000000
0
