4
13
1
0
20
5
0
8
0
-1.560306
-0.400000
3.200000
0.800000
-1.560306
-0.400000
3.200000
0.505896
0.002000
0.000000
0.998000
0.000000
0.998000
1.000000
0.002000
1.000000
10
1
0
0
1.000000
-1
4
6
0
0
-1
-1
0
0
0
0
1.000000
0
-0.748301
-0.086697
0.200000
0.200000
-0.748301
-0.086697
0.200000
0.200000
0.002000
0.000000
0.998000
0.000000
0.998000
1.000000
0.002000
1.000000
2
0
2
13
1.000000
-1
1
0
0
0
-1
-1
0
0
0
0
1.000000
0
0.539401
-0.095100
0.200000
0.200000
0.539401
-0.095100
0.200000
0.200000
0.002000
0.000000
0.998000
0.000000
0.998000
1.000000
0.002000
1.000000
2
0
2
14
1.000000
-1
1
0
0
0
-1
-1
0
0
0
0
1.000000
0
-0.215000
-0.420000
0.400000
0.400000
-0.215000
-0.420000
0.400000
0.400000
0.000000
0.000000
1.000000
0.000000
1.000000
1.000000
0.000000
1.000000
9
0
0
0
1.000000
-1
0
0
0
0
-1
-1
0
0
0
0
1.000000
0
-1.561263
-0.399200
3.200000
0.800000
-1.561263
-0.399200
3.200000
0.800000
0.002000
0.000000
0.998000
0.000000
0.998000
1.000000
0.002000
1.000000
11
1
0
0
1.000000
-1
4
0
0
0
-1
-1
0
0
0
0
1.000000
0
-1.560656
-0.402497
3.200000
0.400000
-1.560656
-0.402497
3.200000
0.400000
0.002000
0.000000
0.998000
0.000000
0.998000
1.000000
0.002000
1.000000
12
1
2
0
1.000000
-1
2
0
0
0
-1
-1
0
0
0
0
1.000000
0
-1.839502
-0.690000
0.200000
0.200000
-1.816907
-0.696794
0.163000
0.060300
0.000000
0.000000
1.000000
0.000000
1.000000
1.000000
0.000000
1.000000
14
0
2
0
1.000000
-1
4
1
1
0
-1
-1
0
0
0
0
1.000000
0
-1.443999
-0.671000
0.200000
0.200000
-1.419703
-0.677104
0.163000
0.060500
0.000000
0.000000
1.000000
0.000000
1.000000
1.000000
0.000000
1.000000
14
0
2
0
1.000000
-1
4
1
1
0
-1
-1
0
0
0
0
1.000000
0
-1.440305
0.465000
0.280000
0.300001
-1.590305
-0.315000
0.424501
0.480000
0.000000
0.000000
1.000000
0.000000
1.000000
1.000000
0.000000
1.000000
3
0
0
0
1.000000
-1
2
0
1
0
-1
-1
0
0
0
0
1.000000
0
1.374693
0.465000
0.280000
0.240001
1.308390
-0.007500
0.329797
0.240001
0.000000
0.000000
1.000000
0.000000
1.000000
1.000000
0.000000
1.000000
3
0
0
0
1.000000
-1
2
0
1
0
-1
-1
0
0
0
0
1.000000
0
-0.275000
-0.397001
0.400000
0.800000
-0.123501
-0.312502
0.200501
0.800000
0.000000
0.000000
1.000000
0.000000
1.000000
1.000000
0.000000
1.000000
13
0
0
0
1.000000
-1
2
0
1
0
-1
-1
0
0
0
0
1.000000
0
0.453999
-0.401500
0.400000
0.800000
0.611500
-0.321501
0.196001
0.800000
0.000000
0.000000
1.000000
0.000000
1.000000
1.000000
0.000000
1.000000
13
0
0
0
1.000000
-1
2
0
1
0
-1
-1
0
0
0
0
1.000000
0
-1.030500
-0.392001
0.400000
0.800000
-0.879000
-0.311502
0.197001
0.800000
0.000000
0.000000
1.000000
0.000000
1.000000
1.000000
0.000000
1.000000
13
0
0
0
1.000000
-1
2
0
1
0
-1
-1
0
0
0
0
1.000000
0
