4
10
1
0
20
5
0
8
0
-1.560306
-0.400000
3.200000
0.800000
-1.560306
-0.400000
3.200000
0.800000
0.002000
0.000000
0.998000
0.000000
0.998000
1.000000
0.002000
1.000000
10
1
0
0
1.000000
-1
4
6
0
0
-1
-1
0
0
0
0
1.000000
0
-0.748301
-0.086697
0.200000
0.200000
-0.748301
-0.086697
0.200000
0.200000
0.002000
0.000000
0.998000
0.000000
0.998000
1.000000
0.002000
1.000000
2
0
2
13
1.000000
-1
1
0
0
0
-1
-1
0
0
0
0
1.000000
0
0.539401
-0.095100
0.200000
0.200000
0.539401
-0.095100
0.200000
0.200000
0.002000
0.000000
0.998000
0.000000
0.998000
1.000000
0.002000
1.000000
2
0
2
14
1.000000
-1
1
0
0
0
-1
-1
0
0
0
0
1.000000
0
-0.215000
-0.420000
0.400000
0.400000
-0.215000
-0.420000
0.400000
0.400000
0.000000
0.000000
1.000000
0.000000
1.000000
1.000000
0.000000
1.000000
9
0
0
0
1.000000
-1
0
0
0
0
-1
-1
0
0
0
0
1.000000
0
-1.561263
-0.399200
3.200000
0.800000
-1.561263
-0.399200
3.200000
0.800000
0.002000
0.000000
0.998000
0.000000
0.998000
1.000000
0.002000
1.000000
11
1
0
0
1.000000
-1
4
0
0
0
-1
-1
0
0
0
0
1.000000
0
-1.511760
-0.400000
3.200000
0.400000
-1.511760
-0.400000
3.200000
0.400000
0.002000
0.000000
0.998000
0.000000
0.998000
1.000000
0.002000
1.000000
12
1
2
0
1.000000
-1
2
0
0
0
-1
-1
0
0
0
0
1.000000
0
0.029975
-0.399005
0.800000
0.800000
0.423175
-0.206707
0.165100
0.593596
0.000000
0.000000
1.000000
0.000000
1.000000
1.000000
0.000000
1.000000
13
0
2
0
1.000000
-1
3
2
1
0
-1
-1
0
0
0
0
1.000000
0
-1.617628
-0.400000
0.800000
0.800000
-1.224530
-0.260000
0.162001
0.607293
0.000000
0.000000
1.000000
0.000000
1.000000
1.000000
0.000000
1.000000
15
0
2
0
1.000000
-1
2
2
1
0
-1
-1
0
0
0
0
1.000000
0
-1.839502
-0.690000
0.200000
0.200000
-1.806501
-0.641001
0.130500
0.141501
0.000000
0.000000
1.000000
0.000000
1.000000
1.000000
0.000000
1.000000
14
0
2
0
1.000000
-1
4
1
1
0
-1
-1
0
0
0
0
1.000000
0
-1.443999
-0.671000
0.200000
0.200000
-1.410498
-0.625001
0.133000
0.141001
0.000000
0.000000
1.000000
0.000000
1.000000
1.000000
0.000000
1.000000
14
0
2
0
1.000000
-1
4
1
1
0
-1
-1
0
0
0
0
1.000000
0
