4
13
1
0
10
5
0
8
0
-1.560306
-0.400000
3.034999
0.800000
-1.560306
-0.400000
3.034999
0.514400
0.002000
0.000000
0.998000
0.000000
0.998000
1.000000
0.002000
1.000000
10
1
0
0
1.000000
-1
4
6
0
0
-1
-1
0
0
0
0
1.000000
0
-0.748301
-0.086697
0.200000
0.200000
-0.748301
-0.086697
0.200000
0.200000
0.002000
0.000000
0.998000
0.000000
0.998000
1.000000
0.002000
1.000000
2
0
2
13
1.000000
-1
1
0
0
0
-1
-1
0
0
0
0
1.000000
0
0.539401
-0.095100
0.200000
0.200000
0.539401
-0.095100
0.200000
0.200000
0.002000
0.000000
0.998000
0.000000
0.998000
1.000000
0.002000
1.000000
2
0
2
14
1.000000
-1
1
0
0
0
-1
-1
0
0
0
0
1.000000
0
-0.005000
-0.420000
0.400000
0.400000
-0.005000
-0.420000
0.400000
0.400000
0.000000
0.000000
1.000000
0.000000
1.000000
1.000000
0.000000
1.000000
9
0
0
0
1.000000
-1
0
0
0
0
-1
-1
0
0
0
0
1.000000
0
-1.561263
-0.399200
3.200000
0.800000
-1.561263
-0.399200
3.200000
0.800000
0.002000
0.000000
0.998000
0.000000
0.998000
1.000000
0.002000
1.000000
11
1
2
0
1.000000
-1
4
0
0
0
-1
-1
0
0
0
0
1.000000
0
-1.511760
-0.400000
3.200000
0.400000
-1.511760
-0.400000
3.200000
0.400000
0.002000
0.000000
0.998000
0.000000
0.998000
1.000000
0.002000
1.000000
12
1
2
0
1.000000
-1
2
0
0
0
-1
-1
0
0
0
0
1.000000
0
0.931577
-0.399005
0.800000
0.800000
1.369479
-0.380206
0.288100
0.803596
0.000000
0.000000
1.000000
0.000000
1.000000
1.000000
0.000000
1.000000
13
0
0
0
1.000000
-1
2
0
1
0
-1
-1
0
0
0
0
1.000000
0
-1.647628
-0.400000
0.800000
0.800000
-1.569530
-0.345597
0.260202
0.757293
0.000000
0.000000
1.000000
0.000000
1.000000
1.000000
0.000000
1.000000
15
0
0
0
1.000000
-1
2
0
1
0
-1
-1
0
0
0
0
1.000000
0
-1.839502
-0.690000
0.200000
0.200000
-1.802404
-0.688910
0.150300
0.080700
0.000000
0.000000
1.000000
0.000000
1.000000
1.000000
0.000000
1.000000
14
0
2
0
1.000000
-1
4
1
1
0
-1
-1
0
0
0
0
1.000000
0
-1.443999
-0.671000
0.200000
0.200000
-1.411502
-0.672310
0.163000
0.084700
0.000000
0.000000
1.000000
0.000000
1.000000
1.000000
0.000000
1.000000
14
0
2
0
1.000000
-1
4
1
1
0
-1
-1
0
0
0
0
1.000000
0
-0.358380
0.570000
0.205000
0.120001
-0.375877
-0.035900
0.076600
0.465000
0.000000
0.000000
1.000000
0.000000
1.000000
1.000000
0.000000
1.000000
3
0
0
0
1.000000
-1
2
0
1
0
-1
-1
0
0
0
0
1.000000
0
-1.297806
0.494999
0.205000
0.120001
-1.245704
-0.120901
0.136600
0.585000
0.000000
0.000000
1.000000
0.000000
1.000000
1.000000
0.000000
1.000000
3
0
0
0
1.000000
-1
2
0
1
0
-1
-1
0
0
0
0
1.000000
0
0.413194
0.548999
0.205000
0.120001
0.470596
-0.148301
0.155100
0.585000
0.000000
0.000000
1.000000
0.000000
1.000000
1.000000
0.000000
1.000000
3
0
0
0
1.000000
-1
2
0
1
0
-1
-1
0
0
0
0
1.000000
0
