4
12
1
0
20
5
0
8
0
-1.560306
-0.400000
3.200000
0.800000
-1.560306
-0.400000
3.200000
0.800000
0.002000
0.000000
0.998000
0.000000
0.998000
1.000000
0.002000
1.000000
10
1
0
0
1.000000
-1
4
6
0
0
-1
-1
0
0
0
0
1.000000
0
-0.748301
-0.086697
0.200000
0.200000
-0.748301
-0.086697
0.200000
0.200000
0.002000
0.000000
0.998000
0.000000
0.998000
1.000000
0.002000
1.000000
2
0
2
13
1.000000
-1
1
0
0
0
-1
-1
0
0
0
0
1.000000
0
0.539401
-0.095100
0.200000
0.200000
0.539401
-0.095100
0.200000
0.200000
0.002000
0.000000
0.998000
0.000000
0.998000
1.000000
0.002000
1.000000
2
0
2
14
1.000000
-1
1
0
0
0
-1
-1
0
0
0
0
1.000000
0
-0.215000
-0.420000
0.400000
0.400000
-0.215000
-0.420000
0.400000
0.400000
0.000000
0.000000
1.000000
0.000000
1.000000
1.000000
0.000000
1.000000
9
0
0
0
1.000000
-1
0
0
0
0
-1
-1
0
0
0
0
1.000000
0
-1.561263
-0.399200
3.200000
0.800000
-1.561263
-0.399200
3.200000
0.800000
0.002000
0.000000
0.998000
0.000000
0.998000
1.000000
0.002000
1.000000
11
1
0
0
1.000000
-1
4
0
0
0
-1
-1
0
0
0
0
1.000000
0
-1.511760
-0.400000
3.200000
0.400000
-1.511760
-0.400000
3.200000
0.400000
0.002000
0.000000
0.998000
0.000000
0.998000
1.000000
0.002000
1.000000
12
1
2
0
1.000000
-1
1
0
0
0
-1
-1
0
0
0
0
1.000000
0
1.034974
-0.399005
0.800000
0.800000
1.417772
-0.167806
0.183701
0.593596
0.000000
0.000000
1.000000
0.000000
1.000000
1.000000
0.000000
1.000000
13
0
2
0
1.000000
-1
3
0
1
0
-1
-1
0
0
0
0
1.000000
0
-1.617628
-0.400000
0.800000
0.800000
-1.232631
-0.178300
0.180401
0.607293
0.000000
0.000000
1.000000
0.000000
1.000000
1.000000
0.000000
1.000000
13
0
2
0
1.000000
-1
2
0
1
0
-1
-1
0
0
0
0
1.000000
0
-1.839502
-0.690000
0.200000
0.200000
-1.829499
-0.621000
0.163000
0.092001
0.000000
0.000000
1.000000
0.000000
1.000000
1.000000
0.000000
1.000000
14
0
2
0
1.000000
-1
4
1
1
0
-1
-1
0
0
0
0
1.000000
0
-1.443999
-0.671000
0.200000
0.200000
-1.437496
-0.600500
0.163000
0.089501
0.000000
0.000000
1.000000
0.000000
1.000000
1.000000
0.000000
1.000000
14
0
2
0
1.000000
-1
4
1
1
0
-1
-1
0
0
0
0
1.000000
0
-1.165000
-0.671000
0.200000
0.200000
-1.156497
-0.604000
0.163000
0.096501
0.000000
0.000000
1.000000
0.000000
1.000000
1.000000
0.000000
1.000000
14
0
2
0
1.000000
-1
4
1
1
0
-1
-1
0
0
0
0
1.000000
0
0.276710
-0.445403
0.800000
0.800000
0.534511
-0.319205
0.246101
0.428596
0.000000
0.000000
1.000000
0.000000
1.000000
1.000000
0.000000
1.000000
15
0
2
0
1.000000
-1
1
0
1
0
-1
-1
0
0
0
0
1.000000
0
