4
10
1
0
20
5
0
8
0
-1.560306
-0.400000
3.200000
0.800000
-1.560306
-0.400000
3.200000
0.800000
0.002000
0.000000
0.998000
0.000000
0.998000
1.000000
0.002000
1.000000
10
1
0
0
1.000000
-1
4
6
0
0
-1
-1
0
0
0
0
1.000000
0
-0.748301
-0.086697
0.200000
0.200000
-0.748301
-0.086697
0.200000
0.200000
0.002000
0.000000
0.998000
0.000000
0.998000
1.000000
0.002000
1.000000
2
0
2
13
1.000000
-1
1
0
0
0
-1
-1
0
0
0
0
1.000000
0
0.539401
-0.095100
0.200000
0.200000
0.539401
-0.095100
0.200000
0.200000
0.002000
0.000000
0.998000
0.000000
0.998000
1.000000
0.002000
1.000000
2
0
2
14
1.000000
-1
1
0
0
0
-1
-1
0
0
0
0
1.000000
0
-0.215000
-0.420000
0.400000
0.400000
-0.215000
-0.420000
0.400000
0.400000
0.000000
0.000000
1.000000
0.000000
1.000000
1.000000
0.000000
1.000000
9
0
0
0
1.000000
-1
0
0
0
0
-1
-1
0
0
0
0
1.000000
0
-1.561263
-0.399200
3.200000
0.800000
-1.561263
-0.399200
3.200000
0.800000
0.002000
0.000000
0.998000
0.000000
0.998000
1.000000
0.002000
1.000000
11
1
0
0
1.000000
-1
4
0
0
0
-1
-1
0
0
0
0
1.000000
0
-1.511760
-0.410000
3.200000
0.400000
-1.511760
-0.410000
3.200000
0.400000
0.002000
0.000000
0.998000
0.000000
0.998000
1.000000
0.002000
1.000000
12
1
2
0
1.000000
-1
1
0
0
0
-1
-1
0
0
0
0
1.000000
0
0.029975
-0.399005
0.800000
0.800000
0.423175
-0.095206
0.165100
0.593596
0.000000
0.000000
1.000000
0.000000
1.000000
1.000000
0.000000
1.000000
13
0
2
0
1.000000
-1
3
0
1
0
-1
-1
0
0
0
0
1.000000
0
-1.617628
-0.400000
0.800000
0.800000
-1.224530
-0.115000
0.162001
0.607293
0.000000
0.000000
1.000000
0.000000
1.000000
1.000000
0.000000
1.000000
13
0
2
0
1.000000
-1
2
0
1
0
-1
-1
0
0
0
0
1.000000
0
-1.839502
-0.690000
0.200000
0.200000
-1.798001
-0.635500
0.121500
0.133001
0.000000
0.000000
1.000000
0.000000
1.000000
1.000000
0.000000
1.000000
14
0
2
0
1.000000
-1
4
1
1
0
-1
-1
0
0
0
0
1.000000
0
-1.443999
-0.671000
0.200000
0.200000
-1.409498
-0.624001
0.129000
0.139501
0.000000
0.000000
1.000000
0.000000
1.000000
1.000000
0.000000
1.000000
14
0
2
0
1.000000
-1
4
1
1
0
-1
-1
0
0
0
0
1.000000
0
