4
4
1
0
5
5
0
4
0
-0.808504
-0.401999
1.600000
0.800000
-0.808504
-0.401999
1.600000
0.800000
0.000000
0.000000
1.000000
0.000000
1.000000
1.000000
0.000000
1.000000
5
1
2
0
1.000000
-1
1
0
0
0
-1
-1
0
0
0
0
1.000000
0
-0.510492
-0.132502
0.400000
0.400000
-0.510492
-0.132502
0.400000
0.400000
0.000000
0.000000
1.000000
0.000000
1.000000
1.000000
0.000000
1.000000
6
0
0
0
1.000000
-1
3
0
0
0
-1
-1
0
0
0
0
1.000000
0
0.095502
-0.129002
0.400000
0.400000
0.095502
-0.129002
0.400000
0.400000
0.000000
0.000000
1.000000
0.000000
1.000000
1.000000
0.000000
1.000000
9
0
0
0
1.000000
-1
3
42
0
0
-1
-1
0
0
0
0
1.000000
0
-0.807501
-0.096500
1.600000
0.400000
-0.807501
-0.096500
1.600000
0.400000
0.000000
0.000000
1.000000
0.000000
1.000000
1.000000
0.000000
1.000000
10
0
2
0
1.000000
-1
6
0
0
0
-1
-1
0
0
0
0
1.000000
0
