4
11
1
0
20
20
0
2
0
-0.791503
-0.401999
1.600000
0.800000
-0.791503
-0.401999
1.600000
0.800000
0.000000
0.000000
1.000000
0.000000
1.000000
1.000000
0.000000
1.000000
5
1
2
0
1.000000
-1
6
0
0
0
-1
-1
0
0
0
0
1.000000
0
-0.201000
-0.318005
0.400000
0.400000
-0.201000
-0.318005
0.400000
0.400000
0.000000
0.000000
1.000000
0.000000
1.000000
1.000000
0.000000
1.000000
7
0
0
0
1.000000
-1
0
0
0
0
-1
-1
0
0
0
0
1.000000
0
-0.560495
-0.134002
0.400000
0.400000
-0.560495
-0.134002
0.400000
0.400000
0.000000
0.000000
1.000000
0.000000
1.000000
1.000000
0.000000
1.000000
6
0
0
0
1.000000
-1
4
0
0
0
-1
-1
0
0
0
0
1.000000
0
0.140502
-0.134002
0.400000
0.400000
0.140502
-0.134002
0.400000
0.400000
0.000000
0.000000
1.000000
0.000000
1.000000
1.000000
0.000000
1.000000
9
0
0
2
1.000000
-1
4
42
0
0
-1
-1
0
0
0
0
1.000000
0
-0.394500
-0.362501
0.800000
0.400000
-0.394500
-0.362501
0.800000
0.400000
0.000000
0.000000
1.000000
0.000000
1.000000
1.000000
0.000000
1.000000
8
0
0
0
1.000000
-1
6
0
0
0
-1
-1
0
0
0
0
1.000000
0
0.219499
0.406500
0.400000
0.400000
0.219499
0.406500
0.400000
0.400000
0.000000
0.000000
1.000000
0.000000
1.000000
1.000000
0.000000
1.000000
6
0
0
30
1.000000
-1
4
42
0
0
-1
-1
0
0
0
0
1.000000
0
-0.627498
0.416999
0.400000
0.400000
-0.627498
0.416999
0.400000
0.400000
0.000000
0.000000
1.000000
0.000000
1.000000
1.000000
0.000000
1.000000
6
0
0
30
1.000000
-1
4
0
0
0
-1
-1
0
0
0
0
1.000000
0
-0.808501
0.324501
1.600000
0.050000
-0.808501
0.324501
1.600000
0.050000
0.000000
0.000000
1.000000
0.000000
1.000000
1.000000
0.000000
1.000000
11
0
2
0
1.000000
-1
3
0
0
0
-1
-1
0
0
0
0
1.000000
0
-0.810000
-0.366000
1.600000
0.050000
-0.810000
-0.366000
1.600000
0.050000
0.000000
0.000000
1.000000
0.000000
1.000000
1.000000
0.000000
1.000000
11
0
0
0
1.000000
-1
3
0
0
0
-1
-1
0
0
0
0
1.000000
0
-0.547991
-0.394501
0.400000
0.200000
-0.547991
-0.394501
0.400000
0.200000
0.000000
0.000000
1.000000
0.000000
1.000000
1.000000
0.000000
1.000000
12
0
0
0
1.000000
-1
0
0
0
0
-1
-1
0
0
0
0
1.000000
0
0.130004
-0.394500
0.400000
0.200000
0.130004
-0.394500
0.400000
0.200000
0.000000
0.000000
1.000000
0.000000
1.000000
1.000000
0.000000
1.000000
12
0
0
0
1.000000
-1
0
0
0
0
-1
-1
0
0
0
0
1.000000
0
