4
34
1
0
20
20
0
5
0
-0.808504
-0.401999
1.600000
0.800000
-0.808504
-0.401999
1.600000
0.800000
0.000000
0.000000
1.000000
0.000000
1.000000
1.000000
0.000000
1.000000
5
1
2
0
1.000000
-1
6
0
0
0
-1
-1
0
0
0
0
1.000000
0
-0.636003
-0.326499
0.400000
0.400000
-0.636003
-0.326499
0.400000
0.400000
0.000000
0.000000
1.000000
0.000000
1.000000
1.000000
0.000000
1.000000
11
0
0
0
1.000000
-1
4
0
0
0
-1
-1
0
0
0
0
1.000000
0
-0.244499
-0.085501
0.200000
0.200000
-0.244499
-0.085501
0.200000
0.200000
0.000000
0.000000
1.000000
0.000000
1.000000
1.000000
0.000000
1.000000
7
0
0
0
1.000000
-1
3
0
0
0
-1
-1
0
0
0
0
1.000000
0
-0.134000
-0.086502
0.200000
0.200000
-0.134000
-0.086502
0.200000
0.200000
0.000000
0.000000
1.000000
0.000000
1.000000
1.000000
0.000000
1.000000
7
0
0
2
1.000000
-1
3
0
0
0
-1
-1
0
0
0
0
1.000000
0
-0.009000
-0.087503
0.200000
0.200000
-0.009000
-0.087503
0.200000
0.200000
0.000000
0.000000
1.000000
0.000000
1.000000
1.000000
0.000000
1.000000
7
0
0
4
1.000000
-1
3
0
0
0
-1
-1
0
0
0
0
1.000000
0
0.116001
-0.085001
0.200000
0.200000
0.116001
-0.085001
0.200000
0.200000
0.000000
0.000000
1.000000
0.000000
1.000000
1.000000
0.000000
1.000000
7
0
0
6
1.000000
-1
3
0
0
0
-1
-1
0
0
0
0
1.000000
0
-0.244500
-0.212998
0.200000
0.200000
-0.244500
-0.212998
0.200000
0.200000
0.000000
0.000000
1.000000
0.000000
1.000000
1.000000
0.000000
1.000000
7
0
0
8
1.000000
-1
3
0
0
0
-1
-1
0
0
0
0
1.000000
0
-0.134000
-0.216000
0.200000
0.200000
-0.134000
-0.216000
0.200000
0.200000
0.000000
0.000000
1.000000
0.000000
1.000000
1.000000
0.000000
1.000000
7
0
0
10
1.000000
-1
3
0
0
0
-1
-1
0
0
0
0
1.000000
0
-0.005500
-0.209999
0.200000
0.200000
-0.005500
-0.209999
0.200000
0.200000
0.000000
0.000000
1.000000
0.000000
1.000000
1.000000
0.000000
1.000000
7
0
0
12
1.000000
-1
3
0
0
0
-1
-1
0
0
0
0
1.000000
0
0.115500
-0.211501
0.200000
0.200000
0.115500
-0.211501
0.200000
0.200000
0.000000
0.000000
1.000000
0.000000
1.000000
1.000000
0.000000
1.000000
7
0
0
14
1.000000
-1
3
0
0
0
-1
-1
0
0
0
0
1.000000
0
-0.333501
0.391000
0.200000
0.200000
-0.333501
0.391000
0.200000
0.200000
0.000000
0.000000
1.000000
0.000000
1.000000
1.000000
0.000000
1.000000
8
0
2
0
1.000000
-1
0
0
0
0
-1
-1
0
0
0
0
1.000000
0
-0.186999
0.391998
0.200000
0.200000
-0.186999
0.391998
0.200000
0.200000
0.000000
0.000000
1.000000
0.000000
1.000000
1.000000
0.000000
1.000000
8
0
2
1
1.000000
-1
0
0
0
0
-1
-1
0
0
0
0
1.000000
0
0.221499
-0.332500
0.400000
0.400000
0.221499
-0.332500
0.400000
0.400000
0.000000
0.000000
1.000000
0.000000
1.000000
1.000000
0.000000
1.000000
11
0
0
2
1.000000
-1
4
42
0
0
-1
-1
0
0
0
0
1.000000
0
-0.810499
0.027500
1.600000
0.400000
-0.810499
0.027500
1.600000
0.400000
0.000000
0.000000
1.000000
0.000000
1.000000
1.000000
0.000000
1.000000
9
0
0
0
1.000000
-1
5
0
0
0
-1
-1
0
0
0
0
1.000000
0
-0.478999
0.142500
0.100000
0.100000
-0.478999
0.142500
0.100000
0.100000
0.000000
0.000000
1.000000
0.000000
1.000000
1.000000
0.000000
1.000000
10
0
2
2
1.000000
-1
4
0
0
0
-1
-1
0
0
0
0
1.000000
0
-0.299499
0.103000
0.100000
0.100000
-0.299499
0.103000
0.100000
0.100000
0.000000
0.000000
1.000000
0.000000
1.000000
1.000000
0.000000
1.000000
10
0
0
0
1.000000
-1
4
0
0
0
-1
-1
0
0
0
0
1.000000
0
0.122000
0.096500
0.100000
0.100000
0.122000
0.096500
0.100000
0.100000
0.000000
0.000000
1.000000
0.000000
1.000000
1.000000
0.000000
1.000000
10
0
0
0
1.000000
-1
4
0
0
0
-1
-1
0
0
0
0
1.000000
0
0.263002
0.116501
0.100000
0.100000
0.263002
0.116501
0.100000
0.100000
0.000000
0.000000
1.000000
0.000000
1.000000
1.000000
0.000000
1.000000
10
0
0
0
1.000000
-1
4
0
0
0
-1
-1
0
0
0
0
1.000000
0
0.359999
0.167995
0.100000
0.100000
0.359999
0.167995
0.100000
0.100000
0.000000
0.000000
1.000000
0.000000
1.000000
1.000000
0.000000
1.000000
10
0
2
2
1.000000
-1
4
0
0
0
-1
-1
0
0
0
0
1.000000
0
0.282501
0.267499
0.100000
0.100000
0.282501
0.267499
0.100000
0.100000
0.000000
0.000000
1.000000
0.000000
1.000000
1.000000
0.000000
1.000000
10
0
2
2
1.000000
-1
4
0
0
0
-1
-1
0
0
0
0
1.000000
0
-0.129500
0.184000
0.100000
0.100000
-0.129500
0.184000
0.100000
0.100000
0.000000
0.000000
1.000000
0.000000
1.000000
1.000000
0.000000
1.000000
10
0
2
2
1.000000
-1
3
0
0
0
-1
-1
0
0
0
0
1.000000
0
-0.345001
0.312000
0.100000
0.100000
-0.345001
0.312000
0.100000
0.100000
0.000000
0.000000
1.000000
0.000000
1.000000
1.000000
0.000000
1.000000
10
0
2
2
1.000000
-1
4
0
0
0
-1
-1
0
0
0
0
1.000000
0
-0.115500
0.074500
0.100000
0.100000
-0.115500
0.074500
0.100000
0.100000
0.000000
0.000000
1.000000
0.000000
1.000000
1.000000
0.000000
1.000000
10
0
2
8
1.000000
-1
4
0
0
0
-1
-1
0
0
0
0
1.000000
0
0.120000
0.195500
0.100000
0.100000
0.120000
0.195500
0.100000
0.100000
0.000000
0.000000
1.000000
0.000000
1.000000
1.000000
0.000000
1.000000
10
0
2
2
1.000000
-1
4
33
0
0
-1
-1
0
0
0
0
1.000000
0
0.085000
0.400500
0.100000
0.100000
0.085000
0.400500
0.100000
0.100000
0.000000
0.000000
1.000000
0.000000
1.000000
1.000000
0.000000
1.000000
10
0
2
4
1.000000
-1
3
33
0
0
-1
-1
0
0
0
0
1.000000
0
0.013501
0.250000
0.100000
0.100000
0.013501
0.250000
0.100000
0.100000
0.000000
0.000000
1.000000
0.000000
1.000000
1.000000
0.000000
1.000000
10
0
2
2
1.000000
-1
4
0
0
0
-1
-1
0
0
0
0
1.000000
0
-0.245999
-0.338999
0.200000
0.200000
-0.245999
-0.338999
0.200000
0.200000
0.000000
0.000000
1.000000
0.000000
1.000000
1.000000
0.000000
1.000000
7
0
0
24
1.000000
-1
3
0
0
0
-1
-1
0
0
0
0
1.000000
0
-0.133000
-0.341999
0.200000
0.200000
-0.133000
-0.341999
0.200000
0.200000
0.000000
0.000000
1.000000
0.000000
1.000000
1.000000
0.000000
1.000000
7
0
0
26
1.000000
-1
3
0
0
0
-1
-1
0
0
0
0
1.000000
0
-0.009000
-0.336999
0.200000
0.200000
-0.009000
-0.336999
0.200000
0.200000
0.000000
0.000000
1.000000
0.000000
1.000000
1.000000
0.000000
1.000000
7
0
0
28
1.000000
-1
3
0
0
0
-1
-1
0
0
0
0
1.000000
0
0.116001
-0.335999
0.200000
0.200000
0.116001
-0.335999
0.200000
0.200000
0.000000
0.000000
1.000000
0.000000
1.000000
1.000000
0.000000
1.000000
7
0
0
30
1.000000
-1
3
0
0
0
-1
-1
0
0
0
0
1.000000
0
0.379000
0.307498
0.100000
0.100000
0.379000
0.307498
0.100000
0.100000
0.000000
0.000000
1.000000
0.000000
1.000000
1.000000
0.000000
1.000000
10
0
2
2
1.000000
-1
4
33
0
0
-1
-1
0
0
0
0
1.000000
0
-0.437500
0.098000
0.100000
0.100000
-0.437500
0.098000
0.100000
0.100000
0.000000
0.000000
1.000000
0.000000
1.000000
1.000000
0.000000
1.000000
10
0
2
2
1.000000
-1
4
33
0
0
-1
-1
0
0
0
0
1.000000
0
-0.229500
0.270500
0.100000
0.100000
-0.229501
0.270500
0.100000
0.100000
0.000000
0.000000
1.000000
0.000000
1.000000
1.000000
0.000000
1.000000
10
0
2
2
1.000000
-1
4
33
0
0
-1
-1
0
0
0
0
1.000000
0
0.175501
0.287498
0.100000
0.100000
0.175500
0.287498
0.100000
0.100000
0.000000
0.000000
1.000000
0.000000
1.000000
1.000000
0.000000
1.000000
10
0
2
2
1.000000
-1
4
33
0
0
-1
-1
0
0
0
0
1.000000
0
