4
14
1
0
20
20
0
1
0
-1.493000
-0.393000
3.200000
0.800000
-1.493000
-0.393000
3.200000
0.800000
0.002000
0.000000
0.998000
0.000000
0.998000
1.000000
0.002000
1.000000
10
0
0
0
1.000000
-1
5
0
0
0
-1
-1
0
0
0
0
1.000000
0
-1.492508
-0.403000
3.200000
0.800000
-1.492508
-0.403000
3.200000
0.800000
0.002000
0.000000
0.998000
0.000000
0.998000
1.000000
0.002000
1.000000
9
0
2
0
1.000000
-1
4
0
0
0
-1
-1
0
0
0
0
1.000000
0
-0.400496
-0.346500
0.400000
0.400000
-0.250496
-0.319500
0.099000
0.344501
0.002000
0.000000
0.998000
0.000000
0.998000
1.000000
0.002000
1.000000
11
0
2
0
1.000000
-1
2
0
0
0
-1
-1
0
0
0
0
1.000000
0
0.242996
-0.347000
0.400000
0.400000
0.390496
-0.333000
0.107500
0.357001
0.002000
0.000000
0.998000
0.000000
0.998000
1.000000
0.002000
1.000000
14
0
2
0
1.000000
-1
2
42
0
0
-1
-1
0
0
0
0
1.000000
0
-1.516741
-0.405000
3.200000
0.200000
-1.516741
-0.405000
3.200000
0.200000
0.002000
0.000000
0.998000
0.000000
0.998000
1.000000
0.002000
1.000000
13
0
2
0
1.000000
-1
0
0
0
0
-1
-1
0
0
0
0
1.000000
0
0.245663
-0.345500
0.400000
0.100000
0.391163
-0.345500
0.099000
0.100000
0.002000
0.000000
0.998000
0.000000
0.998000
1.000000
0.002000
1.000000
7
0
2
0
1.000000
-1
4
0
0
0
-1
-1
0
0
0
0
1.000000
0
-0.397836
-0.345001
0.400000
0.100000
-0.252336
-0.345001
0.099000
0.100000
0.002000
0.000000
0.998000
0.000000
0.998000
1.000000
0.002000
1.000000
7
0
2
0
1.000000
-1
4
0
0
0
-1
-1
0
0
0
0
1.000000
0
-1.490711
0.395999
3.200000
0.200000
-1.490711
0.395999
3.200000
0.200000
0.002000
0.000000
0.998000
0.000000
0.998000
1.000000
0.002000
1.000000
8
0
0
0
1.000000
-1
5
0
0
0
-1
-1
0
0
0
0
1.000000
0
-2.278251
-0.203000
0.800000
0.200000
-2.278251
-0.203000
0.800000
0.200000
0.002000
0.000000
0.998000
0.000000
0.998000
1.000000
0.002000
1.000000
15
0
2
0
1.000000
-1
5
0
0
0
-1
-1
0
0
0
0
1.000000
0
-2.473744
-0.202499
0.800000
0.200000
-2.473744
-0.202499
0.800000
0.200000
0.002000
0.000000
0.998000
0.000000
0.998000
1.000000
0.002000
1.000000
15
0
2
0
1.000000
-1
5
0
0
0
-1
-1
0
0
0
0
1.000000
0
-0.042254
-0.333499
0.400000
0.400000
-0.042254
-0.333499
0.400000
0.400000
0.002000
0.000000
0.998000
0.000000
0.998000
1.000000
0.002000
1.000000
26
0
2
0
1.000000
-1
4
0
0
0
-1
-1
0
0
0
0
1.000000
0
-1.913998
-0.366500
0.400000
0.400000
-1.653001
-0.263003
0.081500
0.073000
0.000000
0.000000
1.000000
0.000000
1.000000
1.000000
0.000000
1.000000
16
0
2
0
1.000000
-1
2
0
0
0
-1
-1
0
0
0
0
1.000000
0
1.769253
-0.365499
0.400000
0.400000
2.030250
-0.262002
0.081500
0.073000
0.000000
0.000000
1.000000
0.000000
1.000000
1.000000
0.000000
1.000000
17
0
2
0
1.000000
-1
2
0
0
0
-1
-1
0
0
0
0
1.000000
0
-0.353250
-0.295000
0.100000
0.100000
-0.353250
-0.295000
0.100000
0.100000
0.000000
0.000000
1.000000
0.000000
1.000000
1.000000
0.000000
1.000000
25
0
0
0
1.000000
-1
4
0
0
0
-1
-1
0
0
0
0
1.000000
0
