4
18
1
0
20
20
0
1
0
-1.479002
-0.326001
3.200000
0.800000
-1.479002
-0.326001
3.200000
0.800000
0.002000
0.000000
0.998000
0.000000
0.998000
1.000000
0.002000
1.000000
10
0
2
0
1.000000
-1
5
0
0
0
-1
-1
0
0
0
0
1.000000
0
-1.477009
-0.403000
3.200000
0.800000
-1.477009
-0.403000
3.200000
0.800000
0.002000
0.000000
0.998000
0.000000
0.998000
1.000000
0.002000
1.000000
9
0
2
0
1.000000
-1
4
0
0
0
-1
-1
0
0
0
0
1.000000
0
-0.400496
-0.346500
0.400000
0.400000
-0.250496
-0.319500
0.099000
0.344501
0.002000
0.000000
0.998000
0.000000
0.998000
1.000000
0.002000
1.000000
11
0
2
0
1.000000
-1
2
0
0
0
-1
-1
0
0
0
0
1.000000
0
0.242996
-0.347000
0.400000
0.400000
0.390496
-0.333000
0.107500
0.357001
0.002000
0.000000
0.998000
0.000000
0.998000
1.000000
0.002000
1.000000
14
0
2
0
1.000000
-1
2
42
0
0
-1
-1
0
0
0
0
1.000000
0
-1.516741
-0.398500
3.200000
0.200000
-1.516741
-0.398500
3.200000
0.200000
0.002000
0.000000
0.998000
0.000000
0.998000
1.000000
0.002000
1.000000
13
0
2
0
1.000000
-1
0
0
0
0
-1
-1
0
0
0
0
1.000000
0
0.245663
-0.345500
0.400000
0.100000
0.391163
-0.345500
0.099000
0.100000
0.002000
0.000000
0.998000
0.000000
0.998000
1.000000
0.002000
1.000000
7
0
2
0
1.000000
-1
4
0
0
0
-1
-1
0
0
0
0
1.000000
0
-0.397836
-0.345001
0.400000
0.100000
-0.252336
-0.345001
0.099000
0.100000
0.002000
0.000000
0.998000
0.000000
0.998000
1.000000
0.002000
1.000000
7
0
2
0
1.000000
-1
4
0
0
0
-1
-1
0
0
0
0
1.000000
0
-1.476701
0.396999
3.200000
0.100000
-1.476701
0.396999
3.200000
0.100000
0.002000
0.000000
0.998000
0.000000
0.998000
1.000000
0.002000
1.000000
8
0
0
0
1.000000
-1
5
0
0
0
-1
-1
0
0
0
0
1.000000
0
-2.728254
-0.038000
0.800000
0.200000
-2.728254
-0.038000
0.800000
0.200000
0.002000
0.000000
0.998000
0.000000
0.998000
1.000000
0.002000
1.000000
15
0
2
0
1.000000
-1
5
0
0
0
-1
-1
0
0
0
0
1.000000
0
-2.908747
-0.202499
0.800000
0.200000
-2.908747
-0.202499
0.800000
0.200000
0.002000
0.000000
0.998000
0.000000
0.998000
1.000000
0.002000
1.000000
15
0
2
0
1.000000
-1
5
0
0
0
-1
-1
0
0
0
0
1.000000
0
1.741742
-0.255498
1.600000
0.400000
1.741742
-0.255498
1.600000
0.400000
0.002000
0.000000
0.998000
0.000000
0.998000
1.000000
0.002000
1.000000
15
0
2
0
1.000000
-1
5
0
0
0
-1
-1
0
0
0
0
1.000000
0
3.337057
-0.255999
1.600000
0.400000
3.337057
-0.255999
1.600000
0.400000
0.002000
0.000000
0.998000
0.000000
0.998000
1.000000
0.002000
1.000000
15
0
2
0
1.000000
-1
5
0
0
0
-1
-1
0
0
0
0
1.000000
0
-1.883249
-0.364499
0.400000
0.400000
-1.607250
-0.263001
0.069501
0.066500
0.000000
0.000000
1.000000
0.000000
1.000000
1.000000
0.000000
1.000000
16
0
2
0
1.000000
-1
2
0
0
0
-1
-1
0
0
0
0
1.000000
0
1.760249
-0.367500
0.400000
0.400000
2.036247
-0.266002
0.069501
0.066500
0.000000
0.000000
1.000000
0.000000
1.000000
1.000000
0.000000
1.000000
17
0
2
0
1.000000
-1
2
0
0
0
-1
-1
0
0
0
0
1.000000
0
0.342251
-0.578003
0.200000
0.800000
0.342251
-0.578003
0.200000
0.800000
0.000000
0.000000
1.000000
0.000000
1.000000
1.000000
0.000000
1.000000
26
0
0
0
1.000000
-1
4
0
0
0
-1
-1
0
0
0
0
1.000000
0
-0.378251
0.088500
0.100000
0.100000
-0.378251
0.088500
0.100000
0.100000
0.000000
0.000000
1.000000
0.000000
1.000000
1.000000
0.000000
1.000000
25
0
2
0
1.000000
-1
4
0
0
0
-1
-1
0
0
0
0
1.000000
0
-0.075750
0.265000
0.400000
0.050000
-0.075750
0.265000
0.400000
0.050000
0.000000
0.000000
1.000000
0.000000
1.000000
1.000000
0.000000
1.000000
24
0
0
0
1.000000
-1
4
0
0
0
-1
-1
0
0
0
0
1.000000
0
0.952752
0.268999
0.400000
0.050000
0.952752
0.268999
0.400000
0.050000
0.000000
0.000000
1.000000
0.000000
1.000000
1.000000
0.000000
1.000000
24
0
0
0
1.000000
-1
4
0
0
0
-1
-1
0
0
0
0
1.000000
0
