4
16
1
0
20
20
0
1
0
-1.465492
-0.324001
3.200000
0.800000
-1.465492
-0.324001
3.200000
0.800000
0.002000
0.000000
0.998000
0.000000
0.998000
1.000000
0.002000
1.000000
10
0
2
0
1.000000
-1
5
0
0
0
-1
-1
0
0
0
0
1.000000
0
-1.465010
-0.397503
3.200000
0.800000
-1.465010
-0.397503
3.200000
0.800000
0.002000
0.000000
0.998000
0.000000
0.998000
1.000000
0.002000
1.000000
9
0
2
0
1.000000
-1
4
0
0
0
-1
-1
0
0
0
0
1.000000
0
-0.400496
-0.347000
0.400000
0.400000
-0.250496
-0.320000
0.099000
0.344501
0.002000
0.000000
0.998000
0.000000
0.998000
1.000000
0.002000
1.000000
11
0
2
0
1.000000
-1
2
0
0
0
-1
-1
0
0
0
0
1.000000
0
0.242996
-0.347000
0.400000
0.400000
0.390496
-0.333000
0.107500
0.357001
0.002000
0.000000
0.998000
0.000000
0.998000
1.000000
0.002000
1.000000
14
0
2
0
1.000000
-1
2
42
0
0
-1
-1
0
0
0
0
1.000000
0
-1.516741
-0.409000
3.200000
0.200000
-1.516741
-0.409000
3.200000
0.200000
0.002000
0.000000
0.998000
0.000000
0.998000
1.000000
0.002000
1.000000
13
0
2
0
1.000000
-1
0
0
0
0
-1
-1
0
0
0
0
1.000000
0
0.245663
-0.345500
0.400000
0.100000
0.391163
-0.345500
0.099000
0.100000
0.002000
0.000000
0.998000
0.000000
0.998000
1.000000
0.002000
1.000000
7
0
2
0
1.000000
-1
4
0
0
0
-1
-1
0
0
0
0
1.000000
0
-0.397836
-0.345001
0.400000
0.100000
-0.252336
-0.345001
0.099000
0.100000
0.002000
0.000000
0.998000
0.000000
0.998000
1.000000
0.002000
1.000000
7
0
2
0
1.000000
-1
4
0
0
0
-1
-1
0
0
0
0
1.000000
0
-1.460687
0.390998
3.200000
0.200000
-1.460687
0.390998
3.200000
0.200000
0.002000
0.000000
0.998000
0.000000
0.998000
1.000000
0.002000
1.000000
8
0
0
0
1.000000
-1
5
0
0
0
-1
-1
0
0
0
0
1.000000
0
-2.278251
-0.203000
0.800000
0.200000
-2.278251
-0.203000
0.800000
0.200000
0.002000
0.000000
0.998000
0.000000
0.998000
1.000000
0.002000
1.000000
15
0
2
0
1.000000
-1
5
0
0
0
-1
-1
0
0
0
0
1.000000
0
-2.473744
-0.202499
0.800000
0.200000
-2.473744
-0.202499
0.800000
0.200000
0.002000
0.000000
0.998000
0.000000
0.998000
1.000000
0.002000
1.000000
15
0
2
0
1.000000
-1
5
0
0
0
-1
-1
0
0
0
0
1.000000
0
1.750241
-0.204499
0.800000
0.200000
1.750241
-0.204499
0.800000
0.200000
0.002000
0.000000
0.998000
0.000000
0.998000
1.000000
0.002000
1.000000
15
0
2
0
1.000000
-1
5
0
0
0
-1
-1
0
0
0
0
1.000000
0
-1.974581
-0.364500
0.400000
0.400000
-1.716100
-0.268501
0.085500
0.085000
0.000000
0.000000
1.000000
0.000000
1.000000
1.000000
0.000000
1.000000
16
0
2
0
1.000000
-1
2
0
0
0
-1
-1
0
0
0
0
1.000000
0
1.792033
-0.364501
0.400000
0.400000
2.050514
-0.268502
0.085500
0.085000
0.000000
0.000000
1.000000
0.000000
1.000000
1.000000
0.000000
1.000000
17
0
2
0
1.000000
-1
2
0
0
0
-1
-1
0
0
0
0
1.000000
0
-0.087250
0.094000
0.200000
0.200000
-0.087250
0.094000
0.200000
0.200000
0.000000
0.000000
1.000000
0.000000
1.000000
1.000000
0.000000
1.000000
26
0
0
0
1.000000
-1
5
0
0
0
-1
-1
0
0
0
0
1.000000
0
-0.329749
-0.319998
0.400000
0.400000
-0.329749
-0.319998
0.200000
0.400000
0.000000
0.000000
1.000000
0.000000
1.000000
1.000000
0.000000
1.000000
18
0
2
0
1.000000
-1
5
0
0
0
-1
-1
0
0
0
0
1.000000
0
0.045568
0.572500
0.200000
0.200000
0.045568
0.572500
0.200000
0.200000
0.000000
0.000000
1.000000
0.000000
1.000000
1.000000
0.000000
1.000000
25
0
0
0
1.000000
-1
4
0
0
0
-1
-1
0
0
0
0
1.000000
0
